asin	1	2	3	4	5
7014454	1	0	0	0	0
8238088	0	0	1	1	5
2514409	1	0	0	0	0
4326265	0	0	0	1	2
6013488	1	0	2	3	4
9152526	2	1	7	33	69
2033301	3	0	0	3	11
3205821	0	0	0	0	1
4685477	0	0	0	0	1
2167502	2	2	3	30	31
9881647	2	1	6	20	22
5772231	16	8	9	44	24
3256426	19	3	7	20	13
3263152	6	7	12	19	24
3088884	11	2	5	12	5
8871286	6	5	8	7	5
3595458	5	3	5	16	7
4645922	3	0	1	5	6
5170495	1	1	0	6	4
8300481	2	0	2	8	6
7457844	0	1	0	1	3
7299295	1	0	0	0	2
4147882	0	0	0	1	0
4464919	0	0	1	0	1
1899111	0	0	0	4	1
5256418	0	0	1	2	0
7184790	0	0	0	1	0
7868763	0	0	0	0	2
9742311	0	0	0	0	1
5213564	0	0	0	3	5
3812520	0	0	1	0	2
1232605	25	2	9	40	146
6640849	0	0	1	1	5
1636871	3	1	2	6	25
3073721	7	1	7	8	21
2304883	1	0	1	0	4
2870039	0	0	0	0	2
7918640	0	0	0	0	1
2798550	0	0	0	1	1
8730389	1	0	1	1	1
6572808	0	0	0	0	1
3680718	1	0	0	1	3
4049424	0	1	1	5	8
9481547	0	0	0	0	1
9471855	1	0	2	4	6
1550210	0	0	1	2	0
2845916	0	0	0	0	1
8144744	0	0	0	1	0
2788804	2	0	0	0	0
9337333	1	0	0	0	0
7323065	20	6	12	18	58
8878291	0	0	0	0	2
8226252	0	0	0	0	3
3005366	0	0	0	2	2
5091590	0	0	0	2	0
1715659	0	0	0	1	0
1758652	1	0	0	1	1
5441216	0	0	0	0	1
5983227	0	0	1	0	0
7148133	0	0	0	1	3
1140009	0	0	0	0	1
2038847	4	4	3	17	29
9724385	1	0	0	5	8
7671303	0	0	0	0	1
8559001	0	1	1	6	39
1217410	1	1	4	31	84
4578456	0	0	0	0	1
4217343	0	0	0	1	4
2463702	2	1	1	6	6
3794622	1	0	0	0	0
7612650	0	0	0	1	0
8907444	1	2	0	1	5
6111379	0	1	0	0	1
6765585	0	0	1	1	3
1409947	0	0	0	1	3
8586413	0	0	1	5	16
8446936	4	5	2	16	46
1111873	0	0	0	0	1
4019465	0	0	0	0	1
2350956	1	0	1	0	0
4714726	0	0	0	0	1
4558312	2	0	1	2	4
9894175	0	0	1	1	1
3663220	0	0	0	3	5
1878252	0	0	0	0	1
5188005	1	0	0	3	2
5131743	0	0	0	1	0
7136051	1	0	0	1	1
3833351	29	5	5	14	27
4601629	0	0	0	1	1
6224712	10	0	5	11	43
6080689	0	0	0	2	1
3755840	0	1	0	0	1
2090365	4	0	8	20	46
1731587	1	0	0	0	1
7261427	2	0	0	1	1
8944723	1	0	0	0	1
1324368	0	0	0	0	1
2480358	5	0	10	19	70
7948207	0	0	1	3	7
2699589	0	0	0	1	0
3317805	0	0	0	0	2
5534644	0	0	0	0	2
9690276	2	1	1	6	9
7486388	0	0	0	0	1
2087139	0	0	0	0	1
2667728	0	2	2	0	4
6602333	0	0	0	1	4
3772720	1	0	2	3	10
1591238	1	0	0	3	1
6289811	0	0	0	3	11
7197548	1	4	2	13	45
5256083	8	6	18	93	278
5664080	1	0	1	4	11
9653225	0	0	0	2	1
9830973	0	1	0	1	3
4440674	5	1	1	14	47
1182035	5	0	2	11	42
1385069	2	1	0	3	2
9490783	10	8	24	112	173
3912074	1	0	0	1	0
3582749	0	0	0	0	1
7939850	1	0	0	2	1
7019276	0	0	1	0	0
8901275	0	0	0	0	1
4635301	1	0	0	1	5
2363842	0	0	0	0	2
7037137	0	0	0	0	3
9251690	0	0	0	2	8
8438143	0	0	0	0	2
4487449	0	0	0	1	0
5869668	0	1	0	0	1
4686338	0	1	0	0	1
2513741	0	0	1	5	6
2018041	1	0	2	1	4
2294589	0	0	0	0	1
5012491	2	0	0	0	0
8435946	0	0	0	0	1
3133552	0	0	0	0	1
1657516	11	5	2	12	28
4806015	4	0	5	11	28
6841792	1	0	0	4	1
1275082	0	0	0	1	1
1955903	3	0	1	3	14
7315442	0	0	0	1	0
7659894	0	0	1	1	2
9347385	0	0	0	0	1
7101559	1	0	0	0	0
6958165	0	0	0	0	4
7476136	1	0	0	0	9
8694327	0	0	0	0	2
3558104	0	0	0	0	2
4828867	0	0	0	3	5
8337776	5	3	0	5	13
1146318	0	0	1	1	7
1147941	0	0	0	0	1
4940800	0	0	0	0	1
7723906	2	2	2	16	44
8162091	0	0	0	0	4
1673180	0	0	0	0	1
4093112	0	0	1	0	5
4524487	0	0	0	2	3
4058724	0	0	0	1	0
5931782	0	0	0	1	4
9354489	0	0	0	0	2
3947559	0	0	0	1	5
8232433	1	0	0	3	2
8372678	0	0	1	1	5
7404534	0	3	2	0	1
7084366	3	1	0	0	1
3227038	0	0	1	0	4
7188446	1	0	0	0	3
4859218	0	0	0	6	23
9617936	2	0	0	0	5
7542366	4	0	0	0	1
8116735	1	0	0	0	2
4426259	1	0	1	0	0
6741128	1	0	0	4	5
9181648	12	10	20	76	163
6846636	4	0	2	9	49
2917707	0	0	0	0	2
6586589	7	4	9	43	62
7336312	0	0	1	4	8
1557896	16	3	10	17	60
3907246	0	0	0	0	1
2748126	0	0	0	0	2
4683546	5	2	1	7	42
5662866	1	0	0	0	0
2273964	1	0	0	0	0
9480797	0	0	0	2	0
6641796	0	0	1	0	2
3786281	3	1	6	37	57
5531566	6	0	0	0	8
5035402	3	0	1	3	3
8171037	14	5	5	12	21
4164784	0	0	0	1	0
4876808	0	2	2	17	22
9926414	0	0	0	0	1
1010734	0	0	0	0	2
4647769	0	0	0	1	0
9146075	1	0	0	0	0
1272660	7	2	3	8	18
1426077	3	0	0	13	46
5683436	0	0	0	0	1
2278761	1	0	0	2	3
4398082	1	1	4	8	23
2323592	37	3	5	19	60
3477081	0	0	1	1	3
6902948	0	0	1	0	1
2851783	0	1	0	0	0
6171467	0	0	0	0	1
3436989	0	0	0	1	3
6895336	2	0	1	4	7
5563353	4	1	1	9	29
9696399	4	1	4	31	138
1721948	2	0	2	14	36
4769091	51	10	21	66	117
3106290	2	1	3	4	24
3395402	1	2	0	2	2
6506381	3	3	5	17	176
2259597	2	1	2	15	37
8487813	0	0	0	1	0
2436857	4	7	3	17	27
6927125	58	6	10	23	49
2229889	5	1	3	16	50
6832278	0	0	2	16	66
1144998	1	0	0	0	0
9042839	0	0	0	0	1
9185166	10	3	7	12	14
7519399	1	0	1	0	1
8932699	3	2	0	0	0
1145244	0	0	0	0	3
4007755	96	11	16	33	76
9652038	0	0	0	2	0
2898215	0	0	0	1	0
3927572	1	0	1	0	4
1276068	0	0	0	1	1
6860914	0	1	3	4	31
8283294	0	0	0	1	0
7193673	0	1	0	0	0
7531446	2	4	6	22	47
3167849	2	0	1	0	1
8587623	0	0	1	2	2
4864247	0	0	1	1	0
1936635	8	1	0	3	17
5736399	1	0	0	3	5
9129435	62	13	17	48	95
1756093	2	0	0	1	4
4170563	2	2	2	3	6
1609367	40	6	9	53	155
3703329	0	0	0	0	1
3055768	0	1	0	3	1
6670599	27	5	11	20	74
2286354	0	0	0	0	1
3036937	0	1	2	2	4
3869606	0	0	0	0	5
5966149	0	0	0	0	1
3825993	4	1	3	7	6
9728595	1	1	2	0	0
4041283	0	1	0	0	0
1136116	22	9	8	37	48
1200832	0	0	0	1	2
7147274	0	0	1	12	18
2208747	6	1	2	7	35
8852819	0	0	0	1	0
2204332	2	1	1	3	5
3841578	0	0	0	1	0
4211316	131	24	39	81	228
2688002	0	0	0	0	4
6929654	9	1	5	26	141
9914141	0	0	0	0	1
5840494	0	0	0	0	1
1905404	0	0	1	0	2
4797661	1	0	0	0	0
6120545	51	12	22	58	91
8087277	2	1	1	4	18
9816067	0	0	1	0	1
1174831	3	1	1	2	4
5835316	7	1	7	23	82
2478470	1	0	1	8	17
9239457	0	0	0	0	3
7678366	0	0	0	0	1
8868126	0	0	0	0	2
5423060	2	1	2	1	8
8111868	1	2	1	17	69
6136547	0	0	0	0	1
4196870	0	0	0	1	0
1327682	0	0	0	0	1
8111529	16	8	10	64	127
1026180	1	1	4	16	44
7853576	0	0	0	2	8
4269379	0	0	0	2	0
7932265	1	0	0	4	12
3056125	4	1	4	9	26
4409469	0	0	0	2	0
6893492	0	0	0	1	0
8856959	0	3	2	2	13
3114068	8	0	2	7	4
3334148	7	1	8	44	165
6753847	5	1	1	16	26
5006758	1	1	0	1	2
5147124	1	0	0	0	0
4034404	58	12	13	47	66
1093039	3	1	2	0	18
6582919	6	1	3	5	9
3516266	0	0	0	1	0
8654078	1	1	2	1	2
1323349	3	0	2	2	13
8247574	0	0	0	3	3
6119032	0	1	1	3	9
7757115	26	3	10	33	80
1596770	0	0	1	1	0
1663768	0	0	0	0	1
3520697	1	0	1	0	3
5326892	63	16	7	37	71
7815659	0	0	0	0	3
8277987	3	0	0	1	3
2971766	2	0	1	2	27
7048620	0	0	0	1	0
1388677	13	5	3	16	63
2083333	0	0	1	2	5
7311321	9	3	2	5	6
2846554	3	0	3	9	31
5750368	12	4	5	2	12
3941919	10	0	0	2	6
1816400	0	0	0	0	1
9692369	56	13	22	40	56
2261735	6	3	4	11	25
4129391	2	0	0	1	10
5660506	7	0	2	6	44
2540449	2	1	1	0	3
5032823	3	0	0	6	17
2037838	1	0	0	0	1
8195509	1	1	1	4	17
1906308	0	0	0	0	2
6182531	2	2	0	8	8
6655853	0	0	0	6	12
3257806	0	1	0	0	5
2806387	16	3	10	41	98
5614096	0	2	0	1	8
1733718	2	1	1	5	12
5447273	1	0	0	3	7
5283796	5	0	1	4	7
1827677	1	0	1	0	1
3557301	2	2	2	3	14
9620838	0	0	1	1	8
2265212	1	1	1	1	4
7806408	9	2	7	27	109
7998293	4	2	2	0	5
2937695	0	0	1	1	3
9437226	19	5	14	108	257
6710419	0	0	0	5	3
1825591	2	0	2	1	2
8826573	20	6	7	12	26
8485822	0	0	0	0	5
6693931	2	1	5	20	166
8522984	0	0	1	0	0
9537772	0	0	0	0	1
5329111	0	0	0	1	0
2239506	24	16	15	54	77
3889922	6	2	7	51	110
1365392	0	1	0	3	11
9457839	0	0	0	0	1
9625550	0	0	3	5	12
8716359	50	12	15	49	134
5818958	1	0	0	0	6
7512764	1	1	1	12	24
2838811	3	0	1	8	10
1893582	4	2	3	25	217
4100410	0	0	0	4	6
6561142	2	0	3	0	0
7445163	0	0	0	6	8
8269456	0	0	0	0	1
5659082	11	5	8	58	197
2701289	1	1	1	6	73
1982322	1	0	2	0	1
2782257	2	0	1	3	16
3924917	0	0	0	3	9
7162470	6	4	4	21	63
9361958	5	1	0	1	0
1436267	1	1	1	1	1
9965071	3	2	0	1	2
5201685	0	0	0	0	2
1383107	7	2	2	16	137
4506803	2	0	2	16	28
7919731	0	1	3	2	10
4568258	1	0	1	4	47
6157232	0	0	0	4	10
6312523	0	0	2	3	2
7360877	1	0	0	0	0
1796686	51	9	42	149	298
5601780	3	2	3	9	7
1772723	1	0	0	6	15
5042857	0	0	0	0	6
8497094	7	2	6	12	51
6807599	0	0	0	2	6
7024053	1	0	2	5	17
7603699	3	1	6	32	89
5371237	0	0	0	1	5
8505253	11	1	5	13	89
2644603	0	0	0	0	1
8024036	1	3	3	12	76
4584236	24	12	20	37	82
7996252	1	0	2	6	1
1910616	1	0	1	0	1
8569488	5	0	3	38	124
1275638	1	0	1	3	3
5354484	1	1	1	2	2
6764831	27	9	14	85	217
5157834	17	6	7	9	11
5441715	0	0	0	0	2
8871276	0	0	2	5	30
8135497	8	1	1	1	7
8896789	1	0	1	0	0
4444015	1	0	0	1	0
1632681	2	0	4	13	64
4350632	12	1	8	19	93
7050782	3	2	2	13	15
2061471	3	1	3	7	61
7889531	4	0	2	6	32
6073523	2	0	2	7	25
4276933	3	0	1	3	0
2594765	2	0	3	7	20
7711704	0	0	0	2	7
2522998	1	0	1	6	6
1232970	0	0	1	2	7
4932726	3	1	0	3	12
1992526	1	0	0	6	3
2101131	0	0	0	1	0
9857080	3	1	0	4	7
8542161	0	1	0	7	11
8553554	1	1	4	7	9
5118822	31	3	5	12	48
9648868	0	0	0	2	5
7840029	0	0	0	0	3
2496049	0	0	0	1	1
1706135	1	0	0	4	9
2708983	2	1	7	30	79
4893151	0	0	0	0	9
1979852	0	0	0	0	4
8270723	2	0	0	11	21
7231180	3	1	0	6	7
2743490	0	0	0	1	0
1030562	0	0	0	10	19
2547618	1	1	1	2	10
1686925	0	0	1	1	0
7707543	1	0	3	8	21
1963697	129	20	34	68	80
5283349	0	0	1	7	12
9595849	1	0	4	17	43
7389058	3	0	2	1	2
1760938	5	0	2	3	9
2049028	3	0	3	9	26
7647191	3	2	7	19	44
4425738	1	1	1	6	5
7043424	3	2	2	8	21
1808757	0	0	0	0	1
7315428	0	0	1	2	16
1763171	0	0	0	0	2
9123941	2	0	0	3	2
4662793	15	3	8	17	92
6253328	40	3	6	27	111
9349100	2	3	1	11	36
1804372	1	0	0	0	2
1198885	3	2	0	3	3
8193785	0	0	0	1	3
2569519	6	3	2	15	39
9022932	0	0	0	0	1
8298419	4	2	6	28	59
4624875	1	0	0	0	1
9068268	1	0	0	7	65
2096463	5	4	4	13	19
1171796	10	1	2	25	114
9585842	8	2	1	4	0
6053507	14	2	4	10	21
5744426	8	1	3	0	2
4534335	0	0	0	0	1
1412762	1	0	1	1	4
1910896	4	2	4	16	18
6027243	1	0	0	6	22
1353345	6	0	0	1	7
9797886	0	0	0	2	3
2304022	1	0	2	11	19
6547384	17	9	26	75	98
8427384	1	0	0	0	1
5003040	0	0	0	1	1
2809484	19	5	3	20	56
3872083	0	0	0	0	4
3925675	4	2	4	19	18
9124096	0	0	2	3	9
7173463	0	0	0	1	10
6821663	1	0	6	8	16
7849206	1	0	0	1	1
9302570	0	0	0	0	1
3371033	1	1	1	19	16
4237996	0	0	0	0	1
3135673	1	0	0	6	4
7483651	0	0	1	0	0
2702965	1	2	1	3	12
5884095	2	0	4	11	20
9988014	0	0	1	0	1
7610834	1	0	1	3	4
3206813	1	0	2	8	11
4742139	2	2	2	10	13
1090899	3	1	1	9	9
5228675	2	0	6	10	24
5873892	0	1	3	2	11
4633506	2	2	3	12	47
1632005	4	6	5	16	43
3966847	2	4	2	11	32
1751429	2	1	8	10	26
9478579	0	0	0	10	32
6788849	3	1	4	6	11
4550104	2	0	4	14	20
9106064	10	6	11	31	37
4380790	13	8	16	32	45
9305514	10	9	17	27	20
9242602	4	2	2	13	14
2627386	0	0	1	8	17
9138506	0	0	0	2	4
4054501	1	0	2	1	15
6654468	0	0	1	1	22
9302472	4	2	1	14	25
5322997	6	0	6	4	9
3477761	2	2	3	1	4
7848282	1	0	0	3	6
9005440	0	0	0	2	4
4097560	0	0	0	1	2
1838001	0	0	0	1	2
2403596	2	0	1	1	3
6873943	0	1	2	5	13
5800089	3	0	1	0	4
3235243	2	0	2	1	15
3773332	2	0	3	11	18
8165705	0	1	0	3	5
3051932	3	4	0	1	2
9164261	0	0	0	0	5
2355943	0	1	0	3	4
3810348	0	0	1	0	1
6052097	2	0	0	1	2
2347634	4	1	1	3	6
2378673	2	0	0	1	0
8268864	1	0	0	9	27
2603623	4	1	3	15	98
1864282	0	0	1	0	0
1870484	0	0	0	0	1
4395008	0	0	0	0	1
6907190	2	0	0	0	0
3167760	3	4	3	5	2
3220241	1	0	0	1	2
7317300	0	0	1	4	20
9812437	0	0	0	0	1
9298318	8	0	1	5	20
4847154	0	0	0	0	1
9963796	0	0	0	0	1
3132083	0	0	0	0	2
1481115	5	1	4	8	6
9043657	1	0	2	8	6
5435310	0	0	0	0	1
2365745	0	0	0	0	1
1805553	2	0	2	6	4
4022863	0	1	1	1	8
5904371	0	0	0	2	3
7145937	1	0	1	1	2
8062649	0	0	0	1	1
8703058	0	0	0	8	19
6694764	1	0	2	5	8
2939750	0	0	3	0	1
6790964	0	0	3	4	15
2651474	0	0	1	0	1
2978130	0	0	0	2	5
7393845	0	0	0	4	2
7814717	1	0	0	0	6
6825615	0	0	0	1	8
2636410	0	0	0	2	2
8296553	0	1	0	0	1
1324644	0	0	0	2	8
3410184	0	0	0	0	1
6611354	0	1	0	0	8
5139776	0	0	0	3	11
9215609	0	0	0	1	2
3082902	0	0	0	3	6
4547588	0	0	0	1	4
3755022	0	0	0	2	5
7598367	0	0	0	3	5
4970509	0	0	0	1	3
1299313	0	0	2	1	9
8789111	0	0	0	1	2
1222160	0	0	1	1	1
2352892	0	0	0	4	5
5881207	0	0	0	1	1
5735793	0	0	0	1	0
5408996	0	0	1	3	5
8918394	0	0	0	0	2
4889860	0	0	0	0	3
9071743	0	0	2	4	1
2677422	0	0	0	2	0
3327551	0	0	0	0	4
8471759	0	0	2	6	16
8686507	0	0	0	0	1
7204049	8	0	6	23	61
4727230	1	1	0	0	0
9367770	0	1	0	0	8
8390582	1	0	1	0	2
1152740	1	2	0	1	1
3194694	1	0	0	0	1
7331035	0	0	2	2	2
4907495	0	0	0	0	1
2530606	6	1	1	12	33
1586319	0	0	2	4	7
5376531	0	2	1	8	27
4610287	0	0	2	1	3
9421674	1	0	1	0	2
3761326	0	0	1	5	9
5845294	0	0	0	12	20
6587316	1	1	1	4	13
7170854	1	0	0	0	0
8170864	1	0	0	0	0
2814576	1	1	0	2	2
4810951	0	0	0	3	12
1381346	0	1	0	2	6
4931855	0	1	0	5	7
8956844	1	0	1	10	9
9300804	0	0	1	1	1
9608035	1	1	0	1	1
1100829	2	0	1	0	2
2646989	0	0	0	3	2
4480296	2	1	0	0	0
4282326	2	1	0	2	5
1776872	4	0	0	1	2
1292192	0	0	0	0	1
5763075	1	0	1	0	3
5386152	0	0	0	0	1
8647665	0	0	0	1	0
7214770	1	0	0	2	1
7263204	0	0	1	0	2
4355810	0	0	1	0	1
2844255	0	1	0	0	1
4797563	0	0	0	0	1
9307521	1	1	0	0	0
7761274	0	0	0	0	2
1066014	0	0	1	0	0
9605251	1	1	0	3	4
1570723	0	0	0	0	2
2480143	0	0	0	0	1
9553741	0	0	0	1	1
8415977	1	0	0	0	2
2280382	0	0	0	1	2
7022301	0	0	0	1	0
5075398	0	0	0	0	1
7751901	0	0	1	1	3
5919240	1	0	0	0	0
5617055	0	0	0	1	1
3424215	0	0	0	1	3
8776285	1	0	0	1	0
9861550	0	0	1	0	0
8183266	0	0	0	1	0
5296238	0	0	1	2	2
7659845	0	0	0	2	1
5338893	3	0	9	15	32
5479062	7	2	4	10	9
2598492	0	0	0	0	1
7221878	0	1	0	1	0
9502647	1	0	1	1	1
4183977	7	3	9	44	98
6681210	0	0	1	2	3
3221946	1	0	0	0	0
8441712	5	2	3	22	31
4755043	8	2	5	9	28
4305783	3	1	1	1	8
6364050	37	10	14	68	119
3744975	0	0	1	5	39
1757896	0	0	0	1	3
4976739	5	0	5	16	45
6765087	3	3	3	6	56
1216357	6	2	0	5	1
3129419	0	1	0	0	0
5796489	4	3	2	5	20
2427202	1	0	0	2	4
4273381	0	0	0	0	2
9828990	0	0	0	0	1
6874425	2	1	3	15	16
1627749	1	1	2	4	9
9445467	0	1	2	2	9
3867271	0	1	5	10	10
5068763	3	2	4	8	5
7631970	6	2	2	20	28
4967130	1	3	3	2	4
3404959	1	0	2	5	2
3861870	1	0	1	0	0
3715551	4	2	2	4	6
9852710	1	2	3	0	3
8210321	6	2	5	39	70
7447308	5	1	5	24	54
5294110	10	9	14	39	66
9769361	0	0	2	2	10
9347336	0	0	1	2	2
1222325	2	0	4	28	122
3041799	46	9	23	53	65
2791233	27	15	16	31	34
7413534	5	4	7	60	129
7923417	8	3	9	49	136
7554454	12	2	4	32	84
8535120	8	5	9	14	5
4162478	12	5	11	24	28
4133128	11	1	22	37	33
9553726	3	3	5	29	65
4621907	27	8	20	53	50
9814600	4	3	3	14	17
7687707	0	1	0	0	1
8700574	1	0	3	9	40
5824472	1	0	0	0	1
3729884	1	0	3	17	77
3284814	0	0	0	3	0
8378491	0	0	0	8	28
5115680	1	0	0	1	0
4949540	2	2	2	3	3
8610854	0	0	0	1	1
2689497	4	1	2	7	30
4126218	0	0	0	0	1
8673491	0	1	1	12	8
6492906	0	0	0	1	0
3830422	2	2	0	0	4
8213543	0	0	0	0	1
8384380	4	0	0	0	1
2888368	12	1	1	6	25
1944461	1	0	0	0	0
5960867	4	7	4	18	51
2029428	0	0	0	1	0
3764800	0	0	1	4	4
8600405	0	0	0	0	2
7234949	0	0	0	1	1
9429189	11	5	10	35	33
1582591	0	0	2	2	19
1247022	2	2	4	4	3
2217966	0	0	0	0	3
6206579	0	0	1	0	0
1069238	1	0	0	0	0
5068895	0	0	0	0	2
7707983	0	0	1	0	0
1269397	0	0	0	0	2
8024043	0	0	0	0	1
4043235	0	0	0	1	0
5314598	2	0	0	2	17
9540503	0	0	1	0	0
6508166	0	2	0	0	3
2151967	1	0	0	0	0
1603589	0	0	0	0	1
9564372	0	0	0	1	7
6435440	1	1	1	0	3
6092754	0	0	0	0	1
8268568	4	0	2	4	14
1742387	3	0	0	0	1
8165939	1	0	0	0	0
6447401	5	3	0	9	17
9738254	2	0	3	10	21
8967532	0	0	1	0	3
6860783	0	0	1	2	5
5036385	1	0	0	0	0
1063683	0	0	0	0	2
5678250	1	1	0	1	1
8141536	2	1	0	4	20
4202329	6	0	2	28	99
1718017	1	1	3	5	10
4721620	0	1	0	2	10
7171490	0	0	0	0	1
4878340	0	0	0	0	2
6828697	1	0	0	0	0
3399228	4	1	7	34	66
3151485	5	1	14	41	129
3600001	7	2	5	18	23
6671706	7	4	3	4	4
7612410	18	7	7	16	10
7012892	2	1	1	12	23
9769397	3	5	3	19	36
1559953	4	5	5	6	16
3323453	1	0	0	0	7
9791484	5	0	2	4	5
7844929	0	0	2	1	5
6606323	0	0	1	4	2
5858441	1	1	0	5	6
5095355	4	0	1	3	4
9418508	2	0	2	1	5
9112565	0	0	0	2	2
2188072	3	0	1	5	7
3709047	1	0	0	1	3
1454831	7	3	2	5	8
4415400	1	0	0	1	10
1773627	2	0	0	0	0
5546518	12	7	4	50	199
1848237	0	0	0	1	0
5677582	0	0	0	1	0
6027526	0	0	0	1	0
1925421	0	0	0	0	1
9218091	0	0	0	1	0
9445157	15	4	6	27	147
1324545	1	0	0	0	1
9484880	0	2	4	21	19
3418008	1	0	0	1	2
2262590	0	0	0	1	0
8748291	0	0	1	5	9
8599589	1	0	0	0	0
9539546	0	0	0	1	1
5779774	2	0	2	2	15
6262568	0	0	0	0	2
8311804	2	1	8	23	112
4115907	0	0	1	0	0
7595146	0	0	0	0	1
5296756	3	0	0	4	24
3648045	0	0	1	1	4
9371750	41	12	30	134	264
2202956	1	0	0	4	11
8525251	0	0	0	0	4
2841668	0	0	0	1	1
9645023	3	0	0	0	0
6796748	0	0	1	0	2
1219919	0	0	0	0	1
2048910	0	0	0	0	1
1197061	0	0	0	0	1
4165028	1	0	2	6	24
9375704	2	3	3	11	28
4997400	0	0	0	0	1
2896622	0	0	0	0	1
3350156	5	2	3	5	14
4333031	1	0	0	0	1
4811920	0	0	0	2	6
9037226	0	1	0	0	3
1294135	0	0	0	0	1
2740017	0	0	0	3	3
4281549	0	0	0	1	0
7284597	0	0	0	2	5
9829262	0	2	0	11	30
4750149	0	1	0	1	0
4654980	0	0	1	0	1
5801544	0	0	0	0	2
1274766	0	0	0	0	1
7301301	3	1	4	14	16
9198738	0	0	0	0	1
5338860	0	0	0	5	3
4407138	1	2	0	14	38
8602669	0	0	0	1	0
6342411	0	0	0	2	4
7531217	0	0	0	0	1
6862456	1	0	0	0	2
7555212	3	3	4	22	41
3278283	0	0	0	0	1
5318680	0	0	0	0	1
5368717	0	0	0	0	1
9045331	2	0	0	1	4
5829182	1	0	0	0	3
6829735	1	0	1	1	0
1989421	0	0	1	0	15
3478242	0	0	0	1	11
9557415	0	1	0	2	3
4103857	0	0	0	0	1
1506236	1	0	2	3	4
1559893	1	0	0	3	11
2359225	5	5	7	12	14
2673682	4	3	5	22	15
4763673	8	2	5	19	11
3511799	3	4	7	18	12
8496497	11	7	17	26	16
6626091	9	2	3	18	16
3213468	6	1	6	11	10
2156138	8	1	5	17	11
6712803	2	3	4	20	7
6425350	5	1	6	13	25
8418638	2	3	2	18	36
3654272	1	0	2	21	57
5823575	6	2	4	24	26
2479603	2	0	2	7	8
9343596	5	2	3	4	10
7180182	7	4	2	11	10
5325546	7	2	2	10	11
4437063	9	3	2	9	12
1492176	0	0	0	1	2
5704971	2	3	3	14	27
9279848	6	2	6	9	14
2117023	3	1	5	8	18
1511713	5	2	5	9	15
7228433	4	0	1	2	5
9884362	9	3	4	7	10
6301604	3	1	3	10	13
6583165	6	1	4	4	9
8821727	2	2	1	7	11
8482597	3	2	5	9	10
7532800	6	1	5	10	6
9089817	10	2	8	60	188
9661812	8	8	13	67	363
4914834	10	4	8	54	287
5367689	28	16	32	193	538
1894053	47	16	41	137	291
1851972	91	33	51	93	128
4533902	66	29	28	40	51
2246851	16	7	27	202	597
6646646	10	3	15	122	446
1116505	0	1	0	6	25
7741091	27	16	21	46	71
7185320	32	7	8	23	27
4690756	4	1	7	53	117
2303141	11	11	12	80	194
7587419	7	1	5	13	56
6687312	10	4	7	56	257
6908011	13	8	7	50	208
2496353	73	32	74	92	107
8516802	24	7	20	41	77
9515592	21	10	21	99	158
7105776	18	5	14	94	146
6639691	32	18	31	29	59
6175820	16	13	27	71	93
6448028	24	11	21	97	151
4324335	15	11	21	47	88
1647679	6	4	17	82	291
1730077	8	14	25	34	74
9057425	8	8	13	106	223
9086575	1	4	2	40	133
8424924	2	4	4	33	140
4331475	1	2	2	42	188
5000728	12	8	13	43	70
4459765	18	11	26	65	180
7990120	2	2	4	10	62
9716986	3	0	4	20	79
1674775	1	0	3	4	41
2873727	20	15	31	118	223
9126793	8	8	6	31	101
1000114	7	5	5	38	99
1119414	4	3	10	45	157
5053166	1	4	5	24	37
6469119	1	0	3	18	48
8826734	7	3	2	34	142
2097300	0	2	1	24	94
7837848	0	1	8	23	127
1803213	31	16	20	62	110
2669202	11	7	19	48	114
5249479	11	2	10	35	126
1471316	9	7	6	59	132
2780773	7	1	4	30	54
2180701	3	4	9	34	88
1500994	11	3	5	40	105
2966527	7	2	8	38	126
8575915	10	6	18	92	169
7107416	3	6	19	87	209
2564675	5	4	4	38	117
8728765	29	11	17	58	173
4179161	46	20	26	104	195
9457994	16	6	14	94	275
2384725	1	1	4	38	178
1502438	22	12	15	46	37
1923141	6	4	2	8	23
3021970	12	3	6	26	36
1235585	1	1	3	22	75
3785874	3	1	7	15	33
6622282	4	3	13	33	54
6363117	2	2	4	21	92
3963110	1	1	1	10	31
9744174	3	0	2	3	12
3040534	3	0	1	7	3
4216407	17	6	7	17	16
8763411	1	2	1	0	4
2450815	2	4	5	5	16
4509507	16	10	17	24	46
3007335	0	0	0	0	1
7386630	0	0	0	1	0
5693634	15	10	13	65	115
4180584	4	4	7	14	20
7660391	10	4	7	30	168
2077634	2	1	2	14	153
5009546	8	5	21	38	93
2843469	9	3	5	7	30
5247744	16	5	10	17	32
6822889	4	0	3	14	88
1547978	4	1	1	21	119
7568415	3	1	1	6	44
4836350	2	1	1	4	48
4827868	0	0	0	3	5
7063777	0	0	1	3	9
2912395	1	0	0	0	1
1336500	5	1	5	21	29
8064655	1	0	0	0	7
2887977	10	6	12	24	76
1397807	16	5	6	14	35
1285230	8	1	1	3	5
1511184	2	1	4	22	44
2191237	3	0	3	23	89
3130276	5	0	4	2	3
7656781	0	2	3	8	45
7878442	4	1	0	2	3
1386392	1	1	1	3	6
4766992	15	1	1	16	22
2587559	4	2	0	6	21
5517263	29	3	8	19	37
1370221	15	4	8	28	58
9337485	4	0	3	21	77
9537236	1	2	2	18	48
9331087	4	2	6	9	27
6996805	3	3	3	6	11
6962999	6	0	2	12	23
8751317	1	2	2	9	17
5815212	1	0	1	1	6
3715506	4	0	2	3	3
7564382	1	1	3	7	9
9485926	4	2	1	1	2
5861987	9	3	3	14	13
2222898	10	3	2	3	4
7319613	1	1	1	3	11
4666584	0	0	0	2	5
8038951	5	6	7	25	58
2548843	0	4	2	17	41
8213743	2	2	8	36	68
9945351	2	2	1	15	32
2069070	8	3	5	21	34
8363109	0	0	0	2	20
6927001	3	2	3	15	51
5801881	0	0	0	14	52
3088464	0	1	0	0	1
4769356	1	0	1	3	6
7546161	2	1	0	7	6
9521056	0	0	0	0	1
1175715	3	3	3	6	10
3049507	0	1	0	3	23
1671426	0	0	1	0	0
4346060	25	9	15	61	173
6476979	2	0	0	2	0
4042739	0	0	0	1	2
9757607	5	2	2	8	30
4272863	0	0	0	0	1
7676495	1	0	4	3	13
3882685	5	0	0	1	0
2901243	5	1	4	7	31
2396508	8	3	5	22	64
1646153	0	1	0	0	0
5453763	0	0	0	0	2
1173303	0	0	0	0	1
9749721	1	0	0	0	1
1364797	3	1	1	4	3
3036784	1	0	0	0	1
3617927	0	0	3	1	1
4758203	0	0	1	3	13
8998756	2	0	1	4	29
8923526	1	0	0	6	21
4813358	0	0	0	0	1
4511238	0	0	0	0	1
8064419	2	2	2	4	11
1628990	6	2	2	2	3
4796986	0	0	0	0	6
1245916	2	1	1	12	66
1611680	0	0	1	0	0
3292573	0	0	0	0	1
7938281	0	0	0	1	0
2904400	4	3	1	3	2
8025799	0	0	0	0	1
9474243	0	1	0	0	0
8156069	0	0	2	12	43
4550346	0	0	0	1	0
3265455	0	0	0	0	1
4200809	1	1	1	3	10
2482456	0	0	0	3	3
8776145	0	1	1	1	2
4280234	0	0	3	6	8
4462429	0	0	1	1	1
4442296	0	0	0	1	0
2635693	27	6	16	57	141
6256590	0	0	1	0	0
1186216	0	0	0	1	1
2921038	1	0	0	0	0
1306475	0	0	0	2	0
5626366	2	1	1	3	2
4976542	0	0	1	0	0
8869623	0	0	0	2	0
9732478	12	4	4	60	125
9971397	0	0	0	2	0
4571786	5	0	2	5	4
9825345	0	0	0	0	1
3607990	0	0	0	0	1
3595572	3	1	1	7	9
9556641	7	2	6	4	12
1498785	0	0	2	2	2
6592923	0	0	0	1	1
9884315	0	0	0	2	1
3204412	0	0	0	0	1
7505993	1	2	1	8	13
2871598	0	1	1	1	4
3741779	0	0	2	3	5
9190052	0	0	0	0	1
8893375	2	0	0	2	12
7876653	5	1	3	17	66
5733678	3	2	4	23	93
8974408	2	0	0	0	5
6999538	1	0	0	1	4
7736610	1	0	0	0	0
4584564	0	0	0	1	2
6550830	0	0	0	0	1
4233584	0	0	1	0	0
3066464	0	0	1	7	12
8768735	1	0	0	3	5
2468937	0	0	1	2	12
2430096	0	0	0	0	1
4781548	0	0	0	1	0
6364548	0	0	0	0	3
7424251	0	0	0	0	1
2269288	1	0	4	1	12
4456076	1	0	1	2	4
3160274	0	0	0	0	2
3007701	1	0	1	0	0
8368529	3	0	3	5	1
3759036	0	0	0	0	4
2808135	5	2	1	12	22
8404652	0	0	0	1	0
2828403	0	0	0	1	0
8439260	0	0	0	0	3
9310511	0	0	0	0	1
2445307	0	0	0	1	0
3741424	0	0	0	1	3
8802429	0	0	0	0	1
2137057	3	0	3	6	27
9992691	0	0	0	0	3
1491884	0	0	0	0	2
6531863	0	0	0	1	1
9321676	2	0	0	1	0
1254384	0	0	0	1	0
6862290	2	0	0	0	0
7470905	0	0	1	0	0
2927934	5	1	1	2	6
9154576	1	0	0	1	0
2239322	0	0	3	2	20
7541667	0	0	0	0	3
5742851	2	1	7	14	33
7643888	1	1	0	3	4
1001923	1	0	0	0	2
2881545	1	1	1	4	3
8276739	0	0	0	0	2
2886480	0	0	1	0	0
3781914	0	0	1	0	0
4060624	0	0	0	0	1
6583606	0	0	0	1	2
4268112	1	0	0	0	1
7145867	0	0	0	1	5
3807605	0	0	0	0	1
9936765	0	0	0	1	3
2495782	0	1	1	4	21
4255993	0	0	0	0	1
1447221	0	0	0	0	1
8575261	0	0	0	1	2
6424190	3	0	1	3	48
5823213	0	0	0	1	0
8809465	0	0	0	0	1
5019856	0	0	0	0	1
5175906	6	3	5	15	46
6085393	0	0	0	1	5
9335669	1	0	0	1	1
9901802	0	0	0	1	4
3059514	0	0	0	2	0
1282084	0	0	0	0	1
8575808	0	0	0	1	0
4929387	0	0	0	0	4
2427264	1	0	0	0	0
5662302	0	0	0	2	4
2758964	2	0	0	0	5
9372034	2	0	0	0	0
6151880	1	0	0	0	0
4734736	1	0	0	0	0
8384523	0	0	0	2	0
7785316	0	0	0	0	1
5877292	1	0	0	0	4
7367831	0	1	0	0	0
8511863	0	0	1	0	2
2578400	1	0	2	3	7
4923664	7	1	2	13	58
5884882	0	0	0	1	2
8275599	0	0	0	0	1
1082589	0	0	1	1	0
4053504	0	0	0	2	1
5464025	6	1	4	4	5
1452299	0	0	0	1	0
1798348	5	1	0	8	15
4959261	0	0	0	1	2
4381879	0	0	0	0	1
8757802	1	0	1	0	1
2377899	0	0	0	0	18
6582471	0	0	2	0	0
4605498	0	1	0	5	5
9370192	0	0	0	3	2
8197070	0	0	0	4	7
7382712	0	0	0	1	0
2590792	0	0	0	0	1
2722274	1	0	0	0	2
8656974	1	0	0	0	2
3701492	0	0	0	0	1
7181425	1	0	1	2	5
8285419	0	0	0	0	3
3810878	0	1	0	7	11
6569490	2	0	0	1	10
5728139	1	0	2	5	3
7551079	1	0	0	11	16
7430007	0	0	0	0	1
7337950	0	0	0	1	5
3505602	1	0	0	0	0
2620561	1	0	0	0	5
7017603	0	0	1	2	1
9701739	0	0	0	0	1
6047884	0	0	0	0	2
2026259	0	0	0	1	0
1295517	1	0	0	1	3
2880726	0	0	0	0	2
7098329	3	0	3	4	5
9681007	3	1	2	14	87
7261468	1	0	0	0	0
4584078	6	4	3	0	4
6448863	0	0	0	2	0
2459184	0	0	0	0	2
7843105	0	0	0	0	2
6432108	0	0	0	0	3
4436499	0	0	1	0	0
8382759	25	10	9	4	6
2231813	0	0	0	0	2
5719612	0	0	0	0	1
3070232	0	0	0	2	1
7536138	0	0	0	1	1
8563097	18	6	17	41	55
7896379	22	8	18	34	43
1048240	1	0	2	3	2
6445267	13	4	6	20	26
3938459	7	10	9	18	29
2066476	3	5	5	21	28
2775425	12	3	4	18	17
9139230	3	2	2	9	11
7350345	5	1	2	22	16
5451038	2	1	3	8	22
7147819	1	2	1	9	21
6574854	1	3	1	14	23
6584189	0	4	4	6	22
9332765	3	1	5	17	21
1994021	4	2	8	34	39
9452714	6	2	1	12	20
6414840	4	1	2	17	23
7781484	1	4	10	18	25
4899716	9	2	9	23	48
4591339	2	4	3	14	23
1528528	4	4	3	10	16
2476046	3	0	0	5	18
6325167	1	0	1	14	28
6793490	4	0	1	4	10
3071564	2	2	5	12	17
7358959	15	3	13	34	76
6431511	3	3	7	14	20
9311837	1	1	2	11	16
1352541	2	1	0	5	10
9150746	5	2	3	6	17
8723816	3	5	5	12	22
6977392	7	1	2	5	17
6426251	2	0	5	13	11
9956384	8	5	6	14	14
3626063	4	1	1	6	11
9463526	3	2	2	5	30
2299005	3	1	4	11	12
2881543	5	2	6	17	9
8495715	3	3	1	5	10
3526079	3	0	2	2	7
3437094	0	5	7	26	38
4114697	8	2	6	17	29
3894246	0	0	2	10	16
3315576	1	6	10	19	51
6324445	2	1	4	10	25
7620562	1	1	4	15	31
1707251	4	2	4	15	28
9631785	5	2	1	6	13
4447282	1	0	3	17	16
5421828	0	0	3	8	15
8528294	0	1	2	9	13
4826563	3	1	1	3	6
8121420	6	4	3	10	10
3835718	2	4	2	6	9
2078426	7	3	11	19	18
1080031	10	7	24	62	57
6114396	2	0	3	6	13
8026998	11	8	16	37	64
6144195	0	1	0	4	12
9132888	2	0	1	8	8
4290002	1	1	2	12	16
3243059	1	0	1	3	4
9915044	7	13	7	27	65
2659512	2	0	5	5	9
2377418	13	6	4	8	18
5072503	4	1	2	3	15
2800436	1	0	1	2	8
5021523	2	1	3	3	6
3752270	0	0	0	4	11
2480368	1	0	2	7	16
1628160	1	1	2	1	6
4404377	0	0	1	5	11
3933019	2	1	1	5	12
7382014	7	1	9	18	54
6052057	1	0	0	6	14
9865192	0	1	2	4	13
5088602	0	0	1	6	4
1434953	0	0	1	5	8
3707940	0	1	0	0	7
4300498	0	1	0	2	3
3343096	3	1	6	1	7
1912191	3	1	1	1	7
9650243	5	2	4	1	7
7687495	0	1	1	1	6
7794585	0	1	2	0	6
9436309	2	1	3	0	6
9981280	3	1	1	1	2
7552858	6	2	2	1	2
4420858	1	0	0	2	2
1154310	1	0	1	4	2
8508589	0	0	1	0	2
6566857	0	0	1	0	0
4370729	3	1	2	5	12
6915553	0	2	3	7	11
9031213	0	2	2	2	6
8172351	2	0	1	1	2
4601304	3	3	2	1	6
2559704	4	3	0	5	13
7853894	1	0	0	6	4
7657618	3	1	2	7	10
1539704	2	0	1	2	2
4603404	2	0	3	6	10
4849236	0	0	0	9	8
9592498	0	1	2	2	11
4422899	0	1	2	3	8
4595570	1	0	2	1	2
1212224	0	0	0	2	1
5326182	0	0	2	2	3
3533224	0	0	0	3	2
2026868	0	0	0	4	4
1190660	0	1	0	1	5
3004356	0	0	1	3	6
2170947	0	0	1	5	7
2647586	0	1	0	1	1
6826404	1	1	0	2	4
8703553	1	0	0	4	1
2125689	0	0	1	3	3
9783880	0	1	1	7	7
9488613	0	1	3	2	5
4988631	1	0	1	2	3
5956315	0	0	0	3	3
5245620	2	1	1	4	6
1292919	0	1	0	2	7
3627135	0	0	1	6	2
2658229	0	0	0	1	2
1080167	3	0	1	4	2
8011631	0	1	0	3	6
6803724	1	2	0	3	3
1080503	0	2	1	2	5
2878498	0	0	1	0	1
5327822	0	0	0	0	6
4089070	0	0	0	0	1
9484094	0	0	2	2	12
3316790	0	0	0	1	4
9832493	4	4	5	4	11
7523867	0	2	3	1	4
3396708	0	0	0	1	2
6059255	3	0	2	14	83
3850548	0	0	0	0	1
2810218	0	0	0	0	10
4914088	0	0	2	7	14
9862697	1	0	0	0	6
5772814	0	0	0	0	4
7624721	0	0	0	0	1
3170703	0	0	1	0	0
8359083	4	0	2	6	8
8749907	1	0	0	0	1
9617335	0	0	1	0	0
1207473	0	0	0	1	0
6441499	0	0	0	0	1
8803732	0	0	0	1	0
8497874	0	0	0	1	0
5841765	2	0	5	6	6
4734761	1	1	0	0	1
2293998	0	0	0	2	2
3832432	0	0	0	1	0
5518066	0	0	0	0	1
6297173	0	0	1	2	1
4303494	0	0	0	0	2
5759529	0	0	0	0	1
1046561	1	0	0	4	3
9483114	0	0	0	1	3
7458207	7	3	2	13	44
9785277	0	0	0	0	1
7493768	1	0	1	5	21
6108443	0	0	0	2	1
4443662	0	0	0	1	4
1685252	0	0	1	1	5
6328398	1	0	0	2	5
2785026	1	1	0	0	0
8327445	0	0	0	1	10
5763174	0	1	0	2	0
6020303	0	0	0	2	5
1501366	1	0	0	0	0
6529480	2	1	2	6	11
8111615	1	0	1	1	1
5315478	0	0	0	1	1
1261859	0	0	0	0	3
4656697	0	0	0	1	0
4095742	0	0	0	0	2
3123355	3	2	3	13	29
6505203	0	0	0	1	2
